5 0.562192 0.421236 0.0375291 0.0504633
9 0.448484 0.420654 0.037461 0.0480908
5 0.505716 0.42108 0.0365783 0.0486858
4 0.336706 0.419511 0.0360384 0.0472596
0 0.226575 0.418686 0.0405481 0.0495569
0 0.62082 0.426176 0.037283 0.0589705
0 0.392015 0.42029 0.0386071 0.048673
0 0.282588 0.418955 0.039304 0.0487718
5 0.562187 0.421236 0.0375338 0.0504615
9 0.448479 0.420653 0.0374715 0.0480934
5 0.505714 0.421078 0.0365836 0.048693
4 0.336703 0.419509 0.0360316 0.0472547
0 0.226572 0.418689 0.0405427 0.0495562
0 0.620822 0.426176 0.0372859 0.0589793
0 0.39201 0.420291 0.0386033 0.0486838
0 0.282583 0.418958 0.0393112 0.048772
5 0.562193 0.421237 0.0375305 0.050465
9 0.448483 0.420654 0.0374633 0.048093
5 0.505715 0.421081 0.0365803 0.0486877
4 0.336705 0.419511 0.0360372 0.0472617
0 0.226576 0.418687 0.0405486 0.0495583
0 0.620821 0.426176 0.0372824 0.0589726
0 0.392015 0.42029 0.0386047 0.0486756
0 0.282588 0.418955 0.0393033 0.0487726
