8 0.678858 0.537231 0.0388163 0.0690135
0 0.527639 0.545106 0.0328578 0.0540809
1 0.432583 0.547589 0.0306548 0.0506494
7 0.575015 0.541457 0.0307175 0.0533338
0 0.335013 0.555088 0.0365582 0.0540548
3 0.625196 0.539098 0.0350924 0.0583593
0 0.382512 0.55165 0.0337676 0.0527796
4 0.480451 0.54834 0.0320092 0.053446
8 0.678855 0.537225 0.0388215 0.0690108
0 0.527641 0.545107 0.0328621 0.0540907
7 0.575014 0.541452 0.030718 0.0533321
1 0.432584 0.547589 0.0306561 0.0506465
0 0.335016 0.555086 0.0365644 0.0540548
3 0.625199 0.539097 0.0350922 0.0583592
0 0.382514 0.551648 0.0337665 0.0527706
4 0.480449 0.548338 0.032009 0.0534474
