3 0.439368 0.463791 0.0378112 0.0494754
0 0.337839 0.44258 0.0361849 0.0481822
1 0.536646 0.484765 0.0308909 0.05159
4 0.487878 0.477427 0.0363129 0.0496581
0 0.286298 0.432632 0.0380822 0.0468841
6 0.584381 0.496174 0.0344017 0.0508068
9 0.637537 0.513023 0.037251 0.0583211
4 0.388531 0.452967 0.0366676 0.0481514
3 0.43937 0.463789 0.0378127 0.0494799
0 0.337839 0.442583 0.0361853 0.0481732
1 0.536645 0.484769 0.0308897 0.0515897
4 0.487876 0.477427 0.0363121 0.049651
0 0.286297 0.432629 0.0380816 0.0468799
6 0.584381 0.496174 0.0344002 0.0507998
9 0.63754 0.513027 0.0372541 0.0583098
4 0.388532 0.45297 0.0366692 0.0481515
3 0.439368 0.463792 0.0378114 0.0494802
0 0.337839 0.44258 0.0361843 0.0481817
1 0.536648 0.484765 0.0308938 0.0515939
4 0.487877 0.477428 0.0363163 0.0496631
0 0.286297 0.432631 0.0380829 0.0468804
6 0.584383 0.496175 0.0344026 0.0508068
9 0.637538 0.51302 0.0372508 0.0583213
4 0.388531 0.452967 0.0366675 0.0481522
