5 0.41096 0.4932 0.0367531 0.0468505
0 0.356984 0.487681 0.0378307 0.0456931
0 0.303014 0.482252 0.0373403 0.0426464
4 0.629867 0.507842 0.0336704 0.0485398
3 0.575434 0.502758 0.0315534 0.0433161
0 0.520067 0.500993 0.0321203 0.0420197
8 0.685796 0.515907 0.0377411 0.0604704
5 0.465594 0.498102 0.0354836 0.0466358
6 0.465259 0.497016 0.035423 0.0454681
5 0.410956 0.493198 0.0367583 0.0468591
0 0.356988 0.487679 0.0378286 0.0456879
0 0.303015 0.482257 0.0373445 0.0426462
4 0.629863 0.507845 0.0336732 0.0485469
3 0.575435 0.502761 0.0315524 0.0433158
0 0.520065 0.500996 0.032112 0.042013
8 0.685797 0.51591 0.0377335 0.0604678
5 0.465593 0.498105 0.0354783 0.0466387
6 0.465258 0.497014 0.0354227 0.0454649
5 0.410959 0.4932 0.0367512 0.0468509
0 0.356983 0.487679 0.0378332 0.0456928
0 0.303014 0.482252 0.0373418 0.0426464
4 0.629865 0.507843 0.0336738 0.0485408
3 0.575434 0.502758 0.0315531 0.0433151
0 0.520066 0.500993 0.0321174 0.0420197
8 0.685796 0.515907 0.0377429 0.0604705
5 0.465593 0.498102 0.0354834 0.0466357
6 0.465258 0.497016 0.0354216 0.0454678
